beta_initial <- 
c(0.0371493189029672, 0.637269859018753, -7.98195636698395, 221.30643464089, -1066.34719823461, -452.18238752439,
18416.5753200803, -67907.0813466842, 128067.420840319, -143799.952986507, 97624.8592436451, -37298.3917866917, 6202.12218327617)
